
state={
	id=100
	name="STATE_100"
	provinces={
		16 145 178 695 706 711 863 1044 1119 1277 1372 1412 1573 1912 2219 2224 3377 3494 3608 3777 4197 4470 4574 4755 4853 4925 5495 6037 6108 6239 6326 6329 7086 7290 7346 7349 7832 7919 7974 8552 8622 8646 8649 8815 9021 9347 9464 9475 9717 9883 10120 10172 10310 10697 10750 11041 11290 11308 11834 11960 12302 12462 12463 12464 12465 12467 12479 12489 12492 12499 12527 12573 12575 12576 12596 12609 12613 12614 12665 12690 12732 12753 12754 12762 12771 
	}
	manpower=0
	buildings_max_level_factor=1.000
	local_supplies=0.000
}
