
state={
	id=110
	name="STATE_110"
	provinces={
		46 47 63 91 101 118 125 127 130 142 157 159 166 192 222 261 292 348 376 382 420 424 432 458 472 494 505 517 527 537 590 594 602 611 613 631 635 641 653 666 667 677 686 734 749 753 789 838 840 919 924 958 999 1054 1089 1098 1107 1112 1117 1121 1161 1162 1169 1171 1172 1179 1190 1222 1294 1310 1315 1321 1324 1330 1336 1354 1359 1371 1400 1417 1466 1484 1544 1548 1558 1574 1577 1583 1632 1639 1686 1691 1702 1742 1789 1823 1828 1837 1863 1905 1942 1966 1967 1988 2008 2036 2039 2042 2065 2069 2165 2169 2181 2200 2214 2230 2248 2273 2286 2333 2341 2413 2439 2454 2481 2513 2544 2547 2561 2576 2602 2614 2633 2666 2737 2739 2766 2806 2807 2816 2818 2826 2843 2860 2875 2885 2913 2934 2953 2987 3001 3010 3033 3057 3124 3139 3147 3165 3175 3182 3217 3234 3236 3244 3249 3273 3274 3276 3317 3331 3333 3346 3389 3518 3522 3606 3624 3637 3646 3674 3675 3689 3700 3703 3732 3757 3769 3803 3807 3814 3939 3945 3984 3985 4004 4013 4020 4053 4065 4176 4182 4188 4189 4215 4254 4330 4343 4378 4405 4409 4436 4439 4474 4523 4568 4606 4619 4628 4649 4670 4671 4676 4693 4751 4753 4803 4832 4833 4849 4876 4889 4899 4919 4935 4974 5016 5017 5071 5125 5171 5192 5202 5247 5277 5278 5283 5286 5310 5326 5332 5352 5370 5378 5447 5448 5538 5570 5577 5583 5585 5611 5637 5638 5668 5677 5705 5711 5723 5756 5761 5799 5815 5823 5829 5839 5841 5881 5980 6014 6023 6083 6122 6129 6142 6156 6166 6224 6226 6234 6240 6249 6254 6313 6322 6360 6367 6378 6385 6388 6424 6439 6443 6466 6480 6494 6544 6566 6577 6608 6656 6657 6667 6676 6681 6697 6700 6749 6798 6808 6827 6850 6852 6882 6900 6902 6920 6935 6941 6942 6964 7008 7050 7059 7066 7082 7103 7119 7147 7151 7154 7178 7192 7236 7244 7254 7282 7333 7361 7372 7381 7398 7422 7426 7436 7439 7456 7457 7468 7525 7555 7557 7586 7650 7727 7730 7746 7769 7795 7814 7816 7854 7858 7859 7872 7879 7881 7939 7965 7971 8013 8021 8073 8081 8171 8187 8201 8225 8235 8252 8371 8404 8442 8480 8511 8517 8518 8557 8574 8578 8580 8595 8633 8636 8670 8681 8723 8731 8746 8780 8782 8794 8799 8835 8853 8865 8920 8926 8927 8931 8937 8939 8950 8960 9000 9068 9123 9239 9261 9284 9299 9345 9348 9371 9393 9474 9529 9559 9564 9570 9622 9650 9651 9659 9673 9676 9729 9748 9787 9802 9817 9856 9872 9873 9898 9943 9955 9984 9985 9993 10002 10032 10071 10093 10105 10113 10128 10147 10150 10187 10197 10240 10249 10294 10325 10381 10424 10529 10569 10579 10611 10618 10636 10692 10738 10747 10759 10777 10826 10831 10841 10862 10879 10926 10967 10969 11000 11023 11088 11145 11213 11327 11335 11336 11355 11356 11372 11389 11422 11430 11431 11452 11476 11486 11534 11613 11633 11665 11674 11699 11753 11786 11876 11878 11890 11905 11919 11922 11938 11953 11966 11967 11972 11997 12011 12021 12029 12032 12063 12065 12081 12084 12144 12154 12213 12222 12248 12259 12329 12353 12364 12365 12400 16708 16715 16719 16723 16735 16738 16742 16745 16748 16753 16766 16772 16779 16781 16782 16785 16786 16787 16789 16791 16796 16798 16803 16808 16813 16814 16818 16820 16822 16823 16824 16825 16833 16834 16838 16844 16845 16852 16856 16863 16864 16871 16874 16876 16877 16878 16888 16898 16899 16903 16904 16905 16909 16913 16915 16916 16918 16924 16927 16928 16930 16931 16934 16935 16938 16939 16942 16943 16950 16951 16952 16959 16960 16962 16963 16967 16969 16973 16974 16976 16978 16979 16983 16984 16987 16990 16993 16994 16998 16999 17001 17002 17004 17008 17019 17031 17033 17038 17039 17040 17042 17044 17045 17048 17051 17056 17058 17065 17066 17067 17072 17073 17076 17077 17081 17083 17084 17088 17089 17090 17091 17094 17097 17101 17102 17103 17104 17107 17115 17118 17120 17122 17126 17127 17128 17129 17130 17134 17140 17142 17143 17147 17149 17150 17153 17159 17160 17166 17169 17170 17172 17173 17174 17175 17177 17181 17182 17188 17189 17193 17194 17196 17202 17203 17205 17206 17210 17211 17215 17218 17220 17222 17225 17227 17228 17231 17232 17235 17238 17239 17240 17243 17250 17251 17252 17257 17261 17262 17265 17267 17270 17273 17277 17279 17280 17284 17291 17292 17295 17298 17303 17304 17305 17308 17309 17311 17314 17315 17317 17320 17325 17326 17329 17336 17337 17338 17341 17351 17358 17359 17360 17364 17371 17374 17379 17380 17382 17387 17389 17393 17397 17399 17400 17402 17411 17413 17416 17418 17419 17423 17426 17435 17437 17438 17441 17442 17443 17452 17454 17457 17459 17463 17465 17469 17473 17474 
	}
	manpower=0
	buildings_max_level_factor=1.000
	local_supplies=0.000
}
