
state={
	id=129
	name="STATE_129"
	provinces={
		321 526 542 688 966 1165 1221 1243 1636 1751 1799 1848 1887 2426 2675 3583 3657 4386 4475 4748 4788 4972 5154 5228 5315 5528 5568 5658 6181 6275 6589 6708 6720 6952 6969 7038 7129 7409 8190 8310 8800 8872 9093 9215 9700 10115 10419 10494 11697 11726 11837 11854 12093 12953 12969 13056 13107 13112 13129 13137 13153 13223 13229 13289 13300 
	}
	manpower=0
	state_category = rural
	history = {
		owner = KAN
		add_core_of = KAN
		victory_points = { 7409 20 }
	}
	buildings_max_level_factor=1.000
	local_supplies=0.000
}
