
state={
	id=14
	name="Brokilon"
	provinces={
		59 64 78 151 336 583 929 1219 1490 1726 1917 2017 2024 2071 2155 2182 2292 2326 3017 3251 3263 4156 4224 4855 5207 5904 5920 6504 6604 7163 7401 7985 7997 8338 8366 8381 8735 8966 9136 9251 9975 10700 11421 11728 11763 11766 12066 14128 14168 14188 14200 14209 14219 14221 14232 14237 14272 14273 14308 14324 14341 14374 14413 14426 14451 14473 14482 
	}
	manpower=0
	state_category = town
	history = {
		owner = BRO
		add_core_of = BRO
		victory_points = { 9136 50 }
	}
	buildings_max_level_factor=1.000
	local_supplies=0.000
}
