
state={
	id=15
	name="STATE_15"
	provinces={
		163 175 735 984 1011 1036 1465 2520 2773 3359 3724 3796 3892 4109 4547 4645 4897 5052 5479 5602 5691 5811 5996 6089 6155 6914 7031 7203 7327 7458 7466 7716 7891 8045 8060 8435 8473 8753 8769 10433 10809 12115 12429 12493 12506 12525 12550 12597 12610 12616 12618 12661 12702 12707 12767 12772 12797 12823 12836 12837 12847 12880 12897 
	}
	state_category = rural
	history = {
		owner = HEN
		add_core_of = HEN
		victory_points = { 12823 19 }
	}
	manpower=0
	buildings_max_level_factor=1.000
	local_supplies=0.000
}
