
state={
	id=17
	name="STATE_17"
	provinces={
		81 584 796 812 1220 1274 1430 1796 1835 2619 2799 2922 3068 3366 3372 3482 3532 3556 3633 3787 4154 4220 4292 4318 4745 5024 5204 5430 5445 5492 5534 5650 5730 5771 5916 5936 6060 6094 6290 6509 6794 7024 7171 7248 7360 7425 7619 7638 7902 8057 8091 8266 8422 8936 9279 9413 9885 10367 10865 10976 10981 11031 11962 12217 12271 12321 12769 12791 12803 12804 12805 12814 12831 12853 12860 12881 12882 12894 12905 12921 12960 12961 12963 12982 13053 
	}
	manpower=0
	state_category = pastoral
	history = {
		owner = KAN
		add_core_of = KAN
		victory_points = { 12769 1 }
	}
	buildings_max_level_factor=1.000
	local_supplies=0.000
}
