
state={
	id=19
	name="STATE_19"
	provinces={
		86 183 191 302 303 337 396 463 616 820 1570 1588 1779 2047 2179 2212 2532 2565 2657 2896 3011 3085 3168 3291 3397 3662 3673 4070 4120 4263 4296 4417 4540 4868 4932 5246 5459 5763 5915 6195 6542 6685 6958 6997 7085 7115 7389 7461 7841 7897 8090 8169 8415 8470 8548 8766 8770 9105 9294 9383 9542 9613 9876 9908 10211 10329 10340 10513 10642 10649 10708 10748 10871 10889 10954 11271 11380 11446 11590 11603 12107 12108 13196 13233 13265 13275 13280 13319 13333 13342 13349 13361 13363 13365 13366 13383 13384 13390 13413 13423 13445 13446 13451 13461 13497 13512 13520 13523 13533 13546 13559 13587 13609 
	}
	manpower=1
	state_category = pastoral
	history = {
		owner = RED
		add_core_of = RED
		victory_points = { 3011 10 }
		victory_points = { 7841 7 }
		victory_points = { 11446 5 }
	}
	buildings_max_level_factor=1.000
	local_supplies=0.000
}
