
state={
	id=130
	name="STATE_130"
	provinces={
		109 259 726 934 1592 1701 1843 1903 1939 2222 2628 2740 2760 2876 2975 4235 4266 4490 4498 4515 4538 4801 4941 5418 5536 5579 5599 5941 5946 5956 6092 6148 6287 6638 6948 7110 7277 7751 8038 8104 8137 8234 8275 8322 8363 8979 9011 9091 9154 9380 10133 10182 10560 10670 10762 10940 10993 11099 11163 11224 11447 11939 12195 13003 13021 13027 13048 13062 13082 13111 13113 13127 13145 13163 13169 13197 13220 13225 13251 13279 13281 13299 13305 13343 13368 13373 13395 13420 13421 13442 
	}
	manpower=0
	state_category = rural
	history = {
		owner = KAN
		add_core_of = KAN
		victory_points = { 11163 15 }
		victory_points = { 13127 5 }
	}
	buildings_max_level_factor=1.000
	local_supplies=0.000
}
