
state={
	id=138
	name="STATE_138"
	provinces={
		99 362 416 871 1154 1811 1833 2306 2338 2726 2931 3437 3914 3963 3972 4064 4312 4331 4367 4380 4667 4730 4786 5023 5044 5513 5793 5912 6011 6248 6875 7511 7911 7960 7988 8116 8153 8323 8432 8439 8883 9268 9332 9533 9769 10339 10386 10434 10746 10849 11035 11062 11472 11525 11645 11759 11917 11942 12000 12243 13509 13564 13569 13573 13577 13602 13613 13617 13633 13648 13661 13662 13667 13687 13708 13714 13721 13730 13737 13779 
	}
	manpower=0
	state_category = large_town
	history = {
		owner = AED
		add_core_of = AED
		victory_points = { 5793 50 }
	}
	buildings_max_level_factor=1.000
	local_supplies=0.000
}
