
state={
	id=139
	name="STATE_139"
	provinces={
		188 285 428 642 1034 1455 1485 1569 1813 1925 2310 2531 2546 2691 3422 3989 4093 4358 4688 4871 4901 4943 5186 5270 5375 5679 5774 5901 6050 6061 6127 6289 6508 6857 6860 7391 7428 7523 7696 7949 7970 8123 8203 8283 8639 9153 9336 9508 9656 10173 10537 10541 10678 10761 10949 11194 11295 11573 11666 11817 11849 12007 12230 12416 13637 13715 13731 13745 13766 13767 13770 13777 13780 13784 13798 13815 13828 13837 13853 13866 13873 13876 13879 13880 13893 13897 13903 13904 13934 13941 
	}
	manpower=0
	state_category = large_town
	history = {
		owner = AED
		add_core_of = AED
		victory_points = { 13828 49 }
		victory_points = { 7391 10 }
	}
	buildings_max_level_factor=1.000
	local_supplies=0.000
}
