
state={
	id=140
	name="STATE_140"
	provinces={
		1 147 831 887 992 994 1042 1361 1457 1645 1669 1709 2455 2945 3746 3822 3844 4049 4094 4195 4231 4314 5220 5515 5757 6535 6537 6747 7063 7091 7343 7587 7927 8004 8043 8236 8512 8525 9619 9886 10217 10405 10474 10744 10912 11473 11505 12174 13783 13791 13796 13806 13840 13841 13845 13849 13875 13878 13884 13891 13892 13905 13918 13926 13927 13930 13940 13948 13959 13961 13963 13970 13971 13985 13989 13991 14003 14005 14030 14038 14042 14043 14069 14072 14085 14104 
	}
	manpower=0
	state_category = metropolis
	history = {
		owner = AED
		add_core_of = AED
		victory_points = { 4049 75 }
		victory_points = { 7927 19 }
		victory_points = { 7063 19 }
	}

	buildings_max_level_factor=1.000
	local_supplies=0.000
}
