state={
	id=172
	name="STATE_172"
	provinces={
		146 913 1648 1771 1937 1955 2469 2743 2850 3297 3526 3788 3897 3950 4081 4132 4157 5143 5507 5596 5666 6286 6622 6659 7508 7514 7543 8024 8238 8867 8948 9005 9155 9822 10065 10212 10264 10360 10452 10540 10587 11098 11111 11283 11333 11816 11847 11999 12354 15303 15315 15330 15332 15357 15362 15370 15389 15409 15410 15430 15433 15481 15482 15507 15531 15567 15582 15598 
	}
	manpower=0
	buildings_max_level_factor=1.000
	local_supplies=0.000
}
