state={
	id=173
	name="STATE_173"
	provinces={
		169 587 907 959 1479 1502 1874 2131 2411 2496 2648 2848 2894 2899 3021 3110 3262 3393 3599 3935 4293 4327 4351 4412 4531 4666 4790 4954 4975 5483 5765 5971 6211 6499 6545 6586 6602 6653 6861 6870 7388 7549 7590 7667 8117 8147 8572 8752 8781 9241 9418 9461 9518 9601 9879 10110 10428 10622 11046 11128 11198 11378 11400 11484 11898 11961 12164 15651 15698 15712 15760 15771 15808 15819 15869 15870 15871 15889 15891 15900 15943 15961 16007 16013 16016 16022 16033 16057 16062 16084 16101 
	}
	manpower=0
	buildings_max_level_factor=1.000
	local_supplies=0.000
}
