state={
	id=175
	name="STATE_175"
	provinces={
		25 269 497 685 1879 1932 2293 2643 3053 3339 3496 3529 3708 3843 3878 4757 4779 4982 5532 5645 5704 6410 6637 6873 6951 7021 7143 7827 8314 8451 8487 8676 8834 9246 9482 9723 9783 10176 10426 10890 10937 11108 11157 11248 11460 11621 11714 11772 11813 11944 11977 12244 16279 16290 16332 16347 16357 16364 16375 16383 16387 16395 16401 16407 16410 16411 16427 16435 16443 16462 16470 16480 16491 16510 
	}
	manpower=0
	buildings_max_level_factor=1.000
	local_supplies=0.000
}
