state={
	id=178
	name="STATE_178"
	provinces={
		909 1664 2073 2311 2356 2440 2639 2946 2994 3164 3179 3781 3919 4050 4105 4279 4284 4495 5027 5289 5357 5911 6259 6284 6603 6610 6694 7004 7040 7232 7414 7685 7798 8247 8369 8503 8523 8612 8757 8889 9053 9308 9391 9504 9854 10087 10162 10309 10315 10399 10620 11005 11018 11353 11556 11987 15930 15987 15996 16024 16027 16029 16050 16065 16096 16102 16110 16113 16261 
	}
	manpower=0
	buildings_max_level_factor=1.000
	local_supplies=0.000
}
