
state={
	id=24
	name="STATE_24"
	provinces={
		24 275 1108 1350 1470 1553 1567 1790 2260 2353 2357 2606 2612 2836 2959 3280 3820 3944 4187 4410 4623 5963 6366 6374 6470 6754 7197 7337 7662 7678 7718 8789 9269 9358 9364 9667 10261 10330 10795 11516 11812 12323 12340 12367 14113 14118 14127 14141 14145 14171 14173 14193 14201 14234 14247 14253 14266 14279 14299 14300 14316 14343 
	}
	manpower=0
	state_category = town
	history = {
		owner = AED
		add_core_of = AED
		victory_points = { 7662 40 }
	}
	buildings_max_level_factor=1.000
	local_supplies=0.000
}
