
state={
	id=29
	name="STATE_29"
	provinces={
		212 592 617 694 1272 1292 1320 1821 2180 2183 2604 2748 2754 2868 3227 3305 3328 3342 3495 3618 3619 3719 3764 3898 5093 5261 5457 5571 5616 5857 5949 6524 6548 6693 7030 7087 7765 7917 7952 8360 9223 9352 9448 9550 9716 9980 10006 10064 10331 11221 11985 12083 12214 12262 13951 13960 13964 13998 14023 14037 14052 14068 14079 14080 14081 14092 14100 14105 14119 14130 14137 14139 14148 14159 14174 14206 14226 14257 14258 14275 14285 
	}
	manpower=0
	state_category = rural
	history = {
		owner = DOL
		add_core_of = DOL
		victory_points = { 2748 35 }
		victory_points = { 5093 9 }
	}
	buildings_max_level_factor=1.000
	local_supplies=0.000
}
