
state={
	id=30
	name="STATE_30"
	provinces={
		475 507 981 1013 1389 1413 1542 1716 1950 2019 2640 2805 2927 3054 3409 3516 3578 3592 3605 3667 4085 4970 5065 5145 5257 5421 5659 5743 5751 5787 6356 6386 6526 7233 7416 7990 8154 8553 8624 9003 9326 9423 9434 9803 10161 10517 10582 10657 10690 10715 11016 11073 11210 11503 11859 11864 12182 13945 13946 13969 14040 14041 14071 14103 14164 14170 14189 14222 14251 14256 14269 14274 14298 14311 14323 14330 14348 14415 14443 14499 14519 14522 
	}
	manpower=0
	state_category = pastoral
	impassable = yes
	history = {
		owner = MAH
		add_core_of = MAH
	}
	buildings_max_level_factor=1.000
	local_supplies=0.000
}
