state={
	id=34
	name="STATE_34"
	provinces={
		312 360 551 561 719 858 870 926 1091 1210 1397 1773 1886 2141 2387 2663 2998 3043 3099 3320 3369 3955 4150 4152 4348 5100 5724 6465 7611 7686 7772 8828 9016 9100 9254 9441 9745 9772 9836 10258 10270 10401 10515 10635 10687 10703 10972 11288 11839 11932 12069 12109 12241 12265 12375 12407 14774 14787 14805 14806 14807 14809 14816 14824 14834 14835 14842 14848 14851 14854 14866 14877 14884 14912 14921 14929 14966 14976 
	}
	manpower=0
	buildings_max_level_factor=1.000
	local_supplies=0.000
}
