
state={
	id=37
	name="STATE_37"
	provinces={
		772 979 1102 1381 1616 1759 1872 1945 2205 2271 2361 2403 3486 3735 3771 3784 4017 4086 4166 4313 4319 4373 4477 4663 4856 4923 5205 5381 5516 5726 5833 5931 6312 6412 6463 6467 6576 6618 6967 7014 7264 7332 7825 7941 8195 8599 8760 8825 8919 9167 9252 9278 9501 9584 9607 10229 10411 10564 10645 11385 11461 12018 12272 12313 12315 15078 15100 15146 15153 15189 15190 15207 15220 15243 15244 15251 15278 15285 15287 15288 15298 15304 15334 15344 
	}
	manpower=0
	buildings_max_level_factor=1.000
	local_supplies=0.000
}
