state={
	id=40
	name="STATE_40"
	provinces={
		69 96 388 697 778 952 1213 1439 1658 1944 2015 2233 2277 2487 2847 3014 3207 3256 3423 3567 4397 4561 4580 4716 4836 5160 5533 5552 5608 5739 5906 5937 6418 6770 6815 7126 7242 7260 7459 7581 7733 8193 8887 9588 9592 9644 9732 9808 9853 9979 10068 10241 10648 10917 11089 11183 11654 11708 11989 12143 12190 12332 15457 15539 15547 15555 15560 15570 15577 15579 15586 15608 15623 15631 15645 15647 15662 15668 15686 15692 15697 15704 15748 
	}
	manpower=0
	buildings_max_level_factor=1.000
	local_supplies=0.000
}
