state={
	id=42
	name="STATE_42"
	provinces={
		4 189 190 198 254 322 474 488 563 717 718 763 783 1010 1122 1145 1180 1194 1249 1291 1418 1423 1495 1649 1873 1890 1929 1936 2059 2120 2225 2351 2431 2518 2731 2790 2813 2928 2954 2980 2993 3019 3037 3128 3192 3224 3419 3452 3477 3530 3626 3636 3701 3706 3747 3845 3946 4071 4073 4129 4192 4199 4237 4335 4430 4482 4576 4685 4756 4838 4869 4908 4967 4996 5026 5219 5344 5397 5424 5573 5610 5640 5682 5764 5922 5995 6031 6124 6193 6251 6265 6333 6337 6437 6474 6692 6784 6991 7075 7165 7175 7214 7507 7509 7597 7749 8068 8105 8135 8174 8259 8328 8356 8358 8389 8437 8465 8590 8596 8604 8803 8994 9035 9111 9184 9201 9276 9404 9468 9477 9535 9547 9712 9925 9942 10012 10055 10215 10292 10324 10382 10397 10536 10553 10714 10988 11049 11068 11110 11155 11178 11259 11292 11480 11596 11682 11685 11694 12077 12136 14889 14910 14947 14949 14982 14987 14994 15007 15029 15035 15040 15043 15064 15070 15071 15077 15083 15099 15104 15110 15131 15137 15149 15150 15152 15161 15194 15198 15200 15201 15205 15206 15228 15233 15238 15242 15250 15252 15255 15256 15257 15263 15264 15272 15277 15301 15314 15324 15325 15327 15340 15355 15356 15360 15361 15365 15380 15388 15395 15398 15406 15416 15424 15448 15452 15479 15488 15494 15496 17521 17566 
	}
	manpower=0
	buildings_max_level_factor=1.000
	local_supplies=0.000
}
