state={
	id=46
	name="STATE_46"
	provinces={
		89 187 201 218 272 330 345 456 480 503 714 794 1189 1205 1209 1239 1247 1304 1348 1451 1476 1480 1503 1551 1618 1677 1688 1810 1831 1997 2022 2102 2184 2194 2236 2398 2460 2479 2517 2533 2579 2591 2647 2742 2802 2960 3025 3341 3354 3441 3448 3462 3487 3558 3640 3839 3916 4118 4257 4282 4347 4493 4522 4854 4887 5176 5214 5229 5233 5239 5249 5252 5276 5345 5348 5432 5518 5617 5752 5762 5781 5855 6041 6137 6164 6168 6353 6370 6382 6626 6810 6822 6901 6963 6980 6998 7144 7183 7246 7257 7265 7287 7328 7460 7492 7538 7604 7625 7767 7778 7916 7951 7993 8041 8050 8109 8143 8264 8331 8461 8469 8516 8714 8818 8882 8914 8955 9063 9080 9192 9266 9315 9496 9505 9541 9896 9915 9917 9934 10052 10156 10192 10237 10293 10319 10344 10501 10539 10591 10655 10910 11074 11079 11148 11168 11209 11268 11294 11418 11423 11640 12013 12150 12166 12237 12295 12301 12397 15711 15765 15778 15790 15806 15807 15831 15833 15845 15851 15860 15865 15880 15895 15899 15905 15918 15924 15954 15976 15979 15998 15999 16003 16006 16026 16038 16040 16053 16054 16060 16087 16118 16132 16144 16145 16151 16159 16165 16172 16173 16175 16184 16185 16189 16191 16193 16197 16201 16207 16210 16211 16220 16226 16235 16238 16241 16243 16246 16256 16257 17571 
	}
	manpower=0
	buildings_max_level_factor=1.000
	local_supplies=0.000
}
