
state={
	id=47
	name="STATE_47"
	provinces={
		26 75 369 433 535 795 945 1059 1075 1126 1182 1293 1409 1419 1431 1452 1704 1714 1754 1758 1769 1777 1816 1878 1980 2050 2074 2201 2210 2241 2371 2414 2457 2484 2490 2509 2601 2791 2838 3012 3048 3101 3129 3210 3439 3639 3686 3718 3745 3754 3885 3956 3991 3992 3994 4030 4091 4151 4155 4168 4217 4251 4281 4479 4497 4513 4529 4669 4848 4958 5106 5190 5320 5354 5373 5376 5498 5510 5696 5702 5712 5791 5813 5903 5948 5972 6030 6069 6157 6369 6371 6408 6425 6432 6505 6530 6551 6573 6825 6829 6846 7095 7132 7253 7341 7418 7515 7576 7670 7889 7896 7898 7925 8010 8061 8078 8107 8139 8490 8531 8549 8585 8618 8641 8667 8785 8846 8877 8923 9001 9070 9133 9142 9177 9233 9320 9405 9467 9472 9517 9696 9801 9895 9904 10056 10121 10219 10338 10377 10417 10511 10617 10652 10706 10718 10724 10803 10827 11042 11090 11181 11261 11289 11344 11402 11455 11514 11557 11657 11675 11693 11749 11779 11891 12060 12074 12099 12139 12186 12223 12249 12279 12338 12388 12406 15490 15508 15509 15532 15544 15545 15553 15562 15571 15587 15602 15609 15620 15624 15625 15628 15638 15640 15646 15671 15675 15684 15687 15689 15690 15693 15702 15703 15715 15718 15723 15730 15733 15741 15742 15751 15752 15766 15772 15773 15779 15785 15800 15809 15825 15827 15828 15834 15838 15839 15864 15866 15867 15883 15884 15896 15897 15906 15920 15926 15938 15944 15945 15948 15965 15971 15980 15985 16034 16041 16046 16063 
	}
	manpower=0
	buildings_max_level_factor=1.000
	local_supplies=0.000
}
