state={
	id=49
	name="STATE_49"
	provinces={
		37 225 465 607 713 931 955 1041 1282 1366 1568 1986 2128 2269 2388 2649 2670 2684 3078 3312 4276 4374 4487 4591 4654 4905 4906 4997 5092 5153 5468 5657 5817 6272 6560 6568 6735 6835 7002 7463 7868 8208 8261 8293 9006 9519 9784 9941 10051 10167 10437 10544 10743 10772 11445 11450 11522 11558 12053 12300 12312 16499 16543 16571 16611 16613 16645 16660 16672 16673 16680 16684 16689 16690 16704 16717 16739 16759 16760 16767 16773 16806 
	}
	manpower=0
	buildings_max_level_factor=1.000
	local_supplies=0.000
}
