state={
	id=50
	name="STATE_50"
	provinces={
		42 508 1072 1186 1328 1972 2097 2103 2156 2542 2699 2744 2801 2830 2944 3433 3493 3690 3962 4535 5090 5197 5235 5689 5750 5985 6043 6120 6417 6679 6937 7033 7161 7633 7773 7937 7975 8085 8498 8912 8938 9626 9995 10183 10203 10259 10467 10680 10764 11256 16330 16351 16372 16378 16384 16389 16390 16404 16412 16413 16418 16428 16458 16471 16495 16500 16501 16511 16529 16548 
	}
	manpower=0
	buildings_max_level_factor=1.000
	local_supplies=0.000
}
