
state={
	id=51
	name="STATE_51"
	provinces={
		922 943 1254 1264 1661 1814 1839 2014 2122 2291 2428 2727 2858 3070 3400 3801 3826 3855 3904 4011 4032 4261 4466 4575 4584 4750 4766 5025 5175 5251 5648 5755 5759 5784 6006 6032 6088 6257 6266 6706 7062 7184 7363 7544 7886 7948 7995 8136 8257 8743 9020 9193 9366 9795 9902 10794 10804 11274 11509 11622 11731 11793 11842 12079 12194 12294 15491 15511 15534 15535 15556 15559 15563 15568 15583 15594 15600 15603 15612 15618 15621 15626 15627 15632 15636 15641 15642 15643 15649 15650 15652 15653 15654 15667 15674 15701 15706 15774 
	}
	manpower=0
	buildings_max_level_factor=1.000
	local_supplies=0.000
}
