
state={
	id=52
	name="STATE_52"
	provinces={
		15 203 215 219 241 270 283 287 353 491 495 524 659 751 822 846 849 854 873 927 951 1025 1068 1135 1152 1193 1227 1367 1395 1494 1546 1604 1643 1737 1820 1861 1888 1899 1906 1970 1974 2026 2051 2053 2076 2087 2088 2106 2159 2300 2438 2466 2571 2662 2678 2753 2762 2794 2918 2948 2976 3211 3216 3250 3303 3411 3450 3501 3510 3629 3752 3913 4016 4294 4356 4444 4611 4627 4709 4940 5015 5055 5203 5222 5230 5302 5604 5665 5694 5795 5834 5910 6015 6125 6138 6150 6349 6766 6978 6982 7003 7108 7220 7250 7449 7500 7521 7529 7582 7610 7651 7680 8077 8113 8140 8191 8211 8242 8309 8357 8462 8464 8485 8500 8542 8773 8858 8894 9226 9235 9319 9384 9438 9466 9471 9555 9569 9586 9614 9655 9707 9782 9815 9882 10027 10210 10222 10255 10271 10307 10366 10368 10451 10558 10570 10616 10730 10776 10790 10839 10925 10984 11014 11063 11077 11166 11205 11282 11496 11601 11688 11700 11801 11821 11877 11980 12127 12330 12349 12366 12414 15676 15705 15719 15734 15743 15749 15761 15798 15801 15803 15804 15820 15822 15840 15841 15852 15856 15857 15872 15873 15874 15885 15887 15892 15904 15907 15908 15912 15916 15921 15925 15927 15931 15933 15934 15939 15940 15957 15959 15962 15963 15972 15981 15982 15989 15994 15995 15997 16000 16004 16010 16017 16035 16039 16043 16047 16051 16052 16055 16058 16070 16074 16077 16078 16085 16088 16094 16103 16107 16111 16112 16114 16115 16122 16126 16127 16140 16194 
	}
	manpower=0
	buildings_max_level_factor=1.000
	local_supplies=0.000
}
