
state={
	id=53
	name="STATE_53"
	provinces={
		48 68 100 165 398 403 444 493 543 554 704 721 827 889 904 1067 1095 1130 1155 1198 1318 1377 1378 1562 1635 1770 2119 2287 2298 2367 2502 2752 2770 2774 2859 2991 3161 3237 3330 3485 3519 3536 3538 3570 3693 3905 3970 4203 4239 4336 4553 4594 4740 4796 4843 4926 4961 5033 5078 5131 5474 5636 5719 5898 5976 6182 6204 6264 6314 6478 6578 6581 6682 6695 6771 6904 6936 6990 7011 7196 7243 7371 7415 7471 7629 7815 7860 7931 8198 8199 8349 8609 8660 8710 8814 8886 9044 9077 9159 9160 9161 9211 9217 9324 9335 9525 9528 9594 9633 9819 9845 10037 10085 10090 10131 10247 10278 10304 10483 10599 10771 10811 10998 11056 11200 11227 11255 11281 11451 11526 11586 11925 11954 12113 12233 12285 12288 16139 16149 16156 16166 16176 16192 16200 16223 16224 16227 16228 16231 16236 16239 16244 16276 16277 16280 16291 16297 16312 16317 16335 16358 16359 16362 16363 16370 16373 16381 16385 16406 16408 16415 16430 16439 16444 16452 16453 16465 16472 16481 16496 16502 16506 16522 16530 16541 16544 16559 16577 
	}
	manpower=0
	buildings_max_level_factor=1.000
	local_supplies=0.000
}
