
state={
	id=54
	name="STATE_54"
	provinces={
		2 60 71 79 135 141 154 181 209 237 262 266 301 328 339 391 406 440 461 492 518 532 621 626 638 655 658 737 748 758 797 823 930 954 967 968 991 997 1014 1023 1033 1050 1058 1128 1256 1278 1285 1295 1358 1373 1477 1489 1500 1523 1535 1554 1582 1644 1656 1674 1680 1696 1717 1728 1761 1846 1880 1968 2011 2044 2054 2101 2105 2123 2130 2185 2213 2244 2251 2278 2322 2358 2446 2447 2463 2501 2506 2530 2551 2641 2659 2660 2697 2750 2792 2797 2832 2840 2874 2910 2947 3004 3018 3075 3120 3145 3152 3155 3177 3213 3228 3310 3335 3371 3446 3451 3497 3543 3548 3671 3680 3712 3775 3842 3890 3901 3948 3974 4033 4076 4098 4172 4232 4246 4264 4317 4361 4398 4400 4402 4403 4408 4411 4445 4501 4502 4583 4617 4630 4690 4694 4700 4764 4775 4802 4813 4824 4831 4904 4928 4949 4977 5002 5042 5098 5139 5146 5195 5198 5199 5234 5273 5280 5303 5311 5385 5387 5454 5470 5519 5632 5697 5707 5721 5731 5760 5808 5939 5955 5974 6091 6107 6109 6139 6140 6174 6183 6212 6213 6298 6340 6373 6453 6498 6591 6614 6647 6664 6675 6711 6717 6718 6764 6773 6780 6805 6864 6865 6886 6911 6945 7020 7028 7056 7118 7120 7127 7187 7210 7263 7294 7351 7356 7403 7432 7502 7535 7548 7563 7584 7605 7627 7637 7648 7691 7697 7738 7756 7771 7788 7802 7810 7849 7856 7880 7882 7888 7958 7973 7978 8019 8033 8047 8051 8192 8213 8245 8250 8299 8354 8420 8440 8483 8484 8520 8632 8635 8708 8784 8786 8801 8821 8851 8855 8895 8949 8973 8983 9071 9182 9228 9238 9275 9309 9376 9379 9388 9425 9503 9565 9578 9582 9589 9669 9705 9742 9763 9788 9809 9831 9837 9848 9875 9910 9912 9920 9939 10066 10079 10084 10089 10108 10119 10166 10174 10306 10333 10375 10464 10516 10556 10576 10586 10633 10634 10646 10667 10722 10775 10806 10850 10883 10898 10922 11011 11021 11025 11033 11057 11231 11239 11309 11320 11334 11340 11354 11364 11375 11449 11531 11548 11555 11567 11575 11595 11614 11619 11669 11720 11768 11820 11833 11843 11866 11920 11937 11983 11991 12090 12098 12178 12199 12204 12250 12270 12284 16208 16242 16245 16269 16278 16287 16292 16299 16300 16319 16320 16321 16327 16328 16337 16339 16348 16365 16391 16392 16399 16405 16416 16419 16422 16425 16429 16431 16433 16440 16441 16445 16459 16461 16463 16467 16469 16473 16482 16485 16486 16487 16488 16489 16493 16494 16497 16503 16507 16512 16513 16516 16520 16523 16526 16527 16532 16533 16535 16537 16538 16542 16545 16546 16547 16549 16551 16553 16555 16556 16560 16561 16562 16566 16567 16572 16574 16578 16579 16580 16581 16582 16583 16584 16586 16587 16590 16591 16592 16594 16595 16596 16598 16601 16602 16604 16607 16612 16614 16620 16625 16626 16632 16634 16635 16638 16641 16642 16647 16652 16656 16657 16668 16669 16670 16674 16676 16677 16681 16682 16685 16692 16693 16695 16698 16699 16700 16709 16710 16712 16718 16721 16725 16726 16727 16728 16731 16736 16737 16741 16743 16749 16750 16751 16754 16755 16756 16758 16768 16770 16774 16780 17574 
	}
	manpower=0
	buildings_max_level_factor=1.000
	local_supplies=0.000
}
