state={
	id=55
	name="STATE_55"
	provinces={
		153 274 478 521 953 1082 1521 1801 1818 2027 2113 2259 2464 2482 3003 3163 3199 3418 3424 3531 3537 3588 3625 3711 3918 4290 4569 4718 5031 5669 6103 6153 6300 6318 6332 6464 6569 6785 6913 7010 7047 7311 7347 7693 7803 7955 8106 8344 8671 8730 8811 9034 9147 9678 9759 10026 10383 10403 10422 10641 10650 10812 11182 11219 11310 11550 11599 11716 11762 11861 12016 12019 16588 16593 16600 16606 16609 16616 16624 16630 16651 16662 16663 16691 16697 16706 16716 16720 16724 
	}
	manpower=0
	buildings_max_level_factor=1.000
	local_supplies=0.000
}
