
state={
	id=56
	name="STATE_56"
	provinces={
		14 108 116 226 247 300 311 344 423 436 470 477 648 1003 1040 1060 1064 1079 1224 1237 1323 1356 1368 1407 1440 1508 1575 1587 1591 1601 1633 1803 1808 1836 1853 1882 1889 1904 2012 2041 2057 2099 2176 2237 2240 2290 2320 2416 2423 2478 2492 2499 2529 2557 2589 2629 2636 2672 2695 2763 2784 2831 3020 3039 3088 3188 3203 3281 3286 3295 3385 3489 3534 3551 3557 3648 3651 3668 3683 3704 3721 3730 3734 3819 3854 3889 3896 3900 3912 4037 4051 4104 4113 4170 4175 4209 4230 4234 4334 4438 4518 4605 4631 4633 4675 4687 4706 4713 4736 4817 4945 5003 5082 5211 5317 5394 5416 5606 5688 5693 5754 5892 5988 6093 6176 6205 6221 6223 6229 6267 6541 6598 6599 6707 6752 6788 6801 6856 6894 6903 6928 6950 6968 7001 7025 7058 7070 7106 7304 7462 7503 7580 7661 7672 7701 7784 7909 7945 7956 7957 7987 8048 8054 8066 8072 8146 8163 8204 8205 8287 8296 8303 8411 8454 8472 8560 8655 8750 8779 8810 8879 8921 8952 8968 9022 9031 9039 9085 9099 9202 9283 9301 9414 9500 9526 9553 9606 9636 9727 9739 9978 9997 10122 10146 10148 10158 10179 10206 10220 10230 10275 10297 10313 10345 10346 10436 10491 10545 10598 10685 10712 10819 10823 10838 10875 10886 10974 11067 11075 11085 11165 11186 11207 11214 11343 11365 11504 11513 11542 11588 11663 11689 11771 11844 11943 12005 12022 12111 12117 12124 12196 12227 12236 12273 12396 16631 16639 16643 16654 16664 16678 16683 16686 16687 16694 16705 16707 16711 16713 16729 16730 16732 16733 16734 16744 16746 16747 16762 16764 16769 16771 16775 16777 16784 16788 16790 16792 16793 16795 16797 16800 16801 16802 16804 16805 16810 16812 16817 16819 16826 16828 16829 16836 16837 16841 16847 16848 16851 16862 16866 16867 16868 16870 16873 16875 16879 16886 16887 16893 16895 16900 16911 16912 16926 16933 16936 16945 16948 16957 16964 16965 16966 16972 16982 16986 16989 16995 17006 17014 17022 17023 17025 17028 17030 17037 17041 17047 17054 17057 17064 17068 17079 17086 17109 17111 17119 
	}
	manpower=0
	buildings_max_level_factor=1.000
	local_supplies=0.000
}
