
state={
	id=58
	name="STATE_58"
	provinces={
		36 115 176 647 649 932 1156 1333 1360 1647 1663 1707 1815 2412 2525 2981 3032 3311 3365 3463 3740 3852 3877 3910 4083 4096 4133 4233 4517 4720 4850 4953 5293 5308 5489 5586 5594 5788 5923 6106 6143 6523 6543 6587 6600 6932 6989 7094 7451 7532 7583 7671 8176 8327 8529 8712 8845 8861 8962 9322 9449 9497 9604 10350 10414 11006 11154 11489 11490 11559 11625 11686 11721 11770 11792 11804 11911 11918 12054 12175 16799 16807 16830 16835 16839 16842 16858 16859 16860 16865 16869 16883 16889 16891 16896 16901 16910 16919 16922 16923 16925 16940 16961 16975 16985 16991 17000 17011 17015 17016 17017 17046 
	}
	manpower=0
	buildings_max_level_factor=1.000
	local_supplies=0.000
}
