
state={
	id=59
	name="STATE_59"
	provinces={
		10 90 144 164 193 210 242 298 331 504 520 528 553 605 644 681 702 710 745 756 804 821 866 918 937 1103 1175 1268 1322 1362 1443 1448 1449 1472 1564 1578 1597 1682 1721 1785 1793 1940 1963 2064 2206 2221 2283 2307 2359 2434 2443 2552 2563 2668 2734 2735 2781 2851 2914 2951 2988 3061 3143 3226 3233 3242 3459 3471 3478 3620 3638 3645 3698 3702 3755 3759 3776 3824 3853 3888 3927 3966 4014 4089 4115 4141 4193 4404 4449 4711 4719 4769 4774 4785 4798 4804 4839 4924 4980 5254 5256 5264 5480 5539 5574 5614 5746 5848 5849 5917 5940 6024 6025 6038 6045 6208 6345 6379 6387 6433 6462 6493 6517 6557 6595 6601 6777 6817 6866 7015 7109 7137 7200 7251 7259 7280 7336 7402 7405 7423 7429 7561 7585 7644 7722 7723 7752 7764 7831 8028 8032 8164 8179 8180 8184 8220 8241 8271 8289 8399 8412 8488 8543 8696 8706 8751 8831 8891 8896 8900 8907 8964 9156 9321 9340 9442 9718 9770 9838 9864 10017 10019 10164 10317 10323 10334 10353 10490 10499 10552 10555 10568 10577 10737 10765 10810 10825 11026 11217 11229 11258 11285 11306 11349 11424 11426 11469 11498 11521 11554 11656 11671 11681 11724 11727 11797 11826 11940 12015 12043 12125 12207 12409 12413 16761 16783 16794 16809 16815 16816 16821 16831 16840 16843 16846 16849 16850 16853 16854 16857 16861 16872 16880 16881 16884 16885 16892 16897 16902 16906 16907 16914 16917 16920 16921 16929 16932 16937 16941 16944 16946 16947 16949 16953 16954 16955 16956 16968 16970 16971 16977 16980 16981 16988 16992 16996 16997 17003 17005 17007 17009 17010 17012 17013 17018 17020 17024 17026 17027 17029 17032 17035 17043 17049 17050 17059 17061 17062 17063 17069 17070 17092 17096 17098 17105 17106 17112 17123 17131 17133 17138 17163 17190 
	}
	manpower=0
	buildings_max_level_factor=1.000
	local_supplies=0.000
}
