
state={
	id=61
	name="STATE_61"
	provinces={
		56 161 217 325 451 575 738 802 972 1077 1116 1131 1202 1236 1363 1444 1513 1712 1739 1743 1921 2010 2449 2510 2516 2674 2700 2733 2829 2905 2917 2957 2962 2985 3337 3479 3779 3829 3838 3846 3864 4036 4055 4059 4194 4311 4363 4376 4388 4624 4689 4841 4892 4927 4946 5056 5231 5240 5262 5338 5351 5634 5740 5769 5962 6021 6077 6331 6440 6579 6616 6921 7231 7261 7317 7589 7712 7736 7812 7893 8178 8279 8341 8450 8545 8774 8826 9002 9007 9025 9033 9110 9135 9216 9455 9511 9549 9724 9744 10213 10248 10265 10364 10416 10450 10482 10626 10732 10796 10815 10835 10961 10987 11009 11254 11293 11492 11574 11659 11710 11780 11794 11897 12049 12087 12212 12276 12281 12311 12350 12372 17052 17055 17078 17082 17085 17099 17116 17121 17137 17161 17165 17178 17183 17186 17197 17198 17199 17201 17213 17216 17219 17221 17229 17237 17247 17254 17256 17266 17268 17271 17274 17285 17293 17296 17297 17299 17312 17313 17318 17321 17323 17330 17339 17343 17352 17354 
	}
	manpower=0
	buildings_max_level_factor=1.000
	local_supplies=0.000
}
