
state={
	id=63
	name="STATE_63"
	provinces={
		22 318 393 426 860 965 1080 1415 1458 1462 1565 1772 1795 1797 1996 2145 2163 2178 2514 2690 2880 2890 3271 3368 3399 3467 3770 4198 4247 4283 4416 4462 4512 4527 4727 4805 4847 4865 4913 5101 5221 5223 5250 5324 5572 5804 5814 5835 5933 5957 6073 6076 6279 6293 6398 6696 6738 6830 7006 7034 7296 7413 7554 7601 7740 7826 7876 8177 8243 8342 8453 8479 8684 8697 8905 9116 9212 9225 9820 9932 9963 9967 10009 10054 10186 10195 10390 10404 10727 10731 10853 11028 11141 11222 11314 11651 11652 12035 12370 17300 17316 17324 17335 17345 17348 17350 17355 17372 17375 17384 17386 17391 17392 17398 17406 17409 17414 17420 17421 17427 17428 17431 17432 17433 17439 17444 17445 17447 17449 17453 17456 17461 17464 17467 17470 
	}
	manpower=0
	buildings_max_level_factor=1.000
	local_supplies=0.000
}
