
state={
	id=68
	name="STATE_68"
	provinces={
		557 569 995 1005 1052 1134 1388 1499 1600 1607 1692 1765 1918 2160 2254 2467 2644 2705 2871 2897 3023 3184 3340 3436 3630 3658 3694 3958 4208 4321 4520 4937 5084 5170 5181 5435 5520 5563 5592 5863 5942 5950 6172 6179 6244 6547 6633 7167 7469 7567 7843 7905 7908 8318 8424 8669 8709 8738 8758 8944 8953 9045 9242 9296 9470 9478 9575 9649 9720 9846 10242 10370 10402 10445 10500 10739 10768 10932 10944 11020 11363 11419 11664 11846 12038 12091 12128 17302 17331 17340 17357 17362 17365 17366 17367 17370 17376 17388 17390 17394 17395 17396 17401 17407 17408 17410 17417 17422 17424 17425 17436 17440 17446 17448 17451 17460 17468 17472 
	}
	manpower=0
	buildings_max_level_factor=1.000
	local_supplies=0.000
}
