
state={
	id=69
	name="STATE_69"
	provinces={
		80 150 214 340 349 755 962 964 987 1097 1225 1319 1399 1849 2146 2150 2844 2886 3212 3564 3643 3699 3816 3848 3863 4341 4399 4810 5558 5598 5649 5766 5836 6036 6299 6364 6377 6449 6497 6642 7046 7320 7358 7369 7819 7966 8152 8634 8954 9012 9061 9151 9506 9663 9677 9944 10015 10074 10152 10590 11013 11065 11225 11242 11648 11947 12177 17087 17100 17110 17114 17117 17125 17141 17148 17151 17158 17162 17171 17180 17184 17185 17192 17200 17214 17217 17226 17242 17246 17259 17260 17278 17283 17290 17301 17347 17363 
	}
	manpower=0
	buildings_max_level_factor=1.000
	local_supplies=0.000
}
