
state={
	id=71
	name="STATE_71"
	provinces={
		74 85 246 278 290 566 643 1046 1212 1532 1841 2083 2196 2239 2436 2562 2616 2865 3015 3107 3117 3194 3476 3652 3767 3804 3977 4022 4447 4514 4934 6126 6915 7007 7061 7223 7569 7570 7616 7753 7866 8040 8383 9394 9753 9841 10431 10488 10504 10533 11050 11359 11383 11662 11936 12135 12404 17136 17145 17156 17157 17195 17208 17209 17234 17236 17241 17244 17245 17258 17263 17264 17269 17275 17281 17282 17289 17307 17322 17328 17333 17334 17342 17344 17346 17361 17378 
	}
	manpower=0
	buildings_max_level_factor=1.000
	local_supplies=0.000
}
