
state={
	id=72
	name="STATE_72"
	provinces={
		52 70 76 107 113 138 204 235 390 419 485 487 529 603 609 633 698 765 810 856 857 875 878 896 914 947 949 1100 1106 1127 1132 1270 1287 1364 1416 1481 1498 1504 1520 1540 1579 1638 1676 1684 1720 1750 1778 1786 1819 1858 1901 1964 2031 2055 2238 2257 2284 2304 2330 2375 2450 2503 2564 2661 2693 2694 2696 2703 2916 2956 2967 2968 2973 2982 3141 3292 3361 3384 3465 3483 3535 3563 3622 3644 3687 3795 3902 3983 4054 4108 4218 4248 4337 4370 4429 4451 4492 4598 4653 4691 4725 4758 4780 4845 4857 4884 4938 5013 5032 5036 5053 5081 5177 5279 5309 5360 5367 5369 5372 5411 5455 5460 5481 5482 5590 5591 5643 5699 5717 5782 5806 5880 5883 6123 6134 6185 6231 6292 6341 6354 6403 6596 6660 6813 6826 6847 6927 6938 7023 7065 7090 7131 7172 7234 7256 7302 7308 7310 7387 7442 7489 7498 7520 7744 7785 7806 8042 8049 8075 8086 8207 8217 8218 8246 8316 8329 8370 8444 8459 8466 8513 8519 8589 8593 8594 8616 8628 8796 8863 8876 8890 8909 8995 9014 9051 9073 9083 9106 9120 9204 9224 9277 9323 9331 9342 9356 9374 9407 9457 9487 9597 9627 9631 9637 9725 9728 9774 9789 9796 9953 9986 10075 10077 10080 10125 10256 10279 10308 10328 10400 10459 10462 10547 10563 10659 10686 10736 10757 10822 10828 10833 10880 10986 10991 11043 11072 11175 11203 11238 11280 11388 11517 11527 11553 11696 11748 11787 11907 11979 11990 12047 12057 12185 12232 12266 12269 12278 12374 12382 12403 15677 15699 15726 15727 15731 15735 15736 15753 15762 15768 15782 15786 15791 15793 15815 15816 15821 15846 15849 15875 15876 15893 15909 15964 16014 16019 16023 16028 16044 16067 16089 16098 16116 16119 16128 16129 16135 16136 16137 16152 16155 16162 16167 16170 16180 16182 16195 16198 16212 16221 16232 16265 16266 16273 16281 16284 16286 16288 16294 16295 16298 16301 16302 16303 16304 16305 16306 16308 16309 16310 16313 16314 16318 16322 16324 16325 16331 16336 16340 16341 16344 16345 16349 16350 16352 16354 16355 16356 16360 16366 16367 16371 16374 16379 16382 16386 16393 16396 16397 16400 16402 16409 16414 16417 16420 16423 16424 16432 16436 16437 16438 16442 16446 16449 16450 16454 16466 16468 16475 16476 16477 16490 16492 16504 16508 16514 16517 16518 16519 16524 16525 16531 16536 16539 16557 16563 16573 
	}
	manpower=0
	buildings_max_level_factor=1.000
	local_supplies=0.000
}
