
state={
	id=73
	name="STATE_73"
	provinces={
		8 111 334 370 552 675 680 720 766 1053 1056 1284 1538 1609 1611 1756 1834 1895 2126 2173 2567 2882 2926 2935 3116 3267 3343 3772 3805 3851 3965 3997 4140 4179 4552 4639 4664 4773 5115 5253 5440 5512 5580 5582 5628 5890 5959 5999 6072 6146 6294 6316 6347 6359 6389 6742 6930 6983 7224 7467 7494 7546 7690 7748 7845 7857 8056 8292 8507 8601 8690 8775 8822 9168 9200 9367 9456 9552 9625 9665 9764 9870 9900 9913 10165 10181 10260 10341 10435 10505 10621 10661 10717 11351 11500 11765 12033 12036 12160 12347 12384 15299 15300 15309 15321 15322 15337 15345 15354 15359 15371 15390 15392 15403 15412 15413 15414 15417 15418 15420 15421 15422 15426 15427 15431 15434 15435 15442 15445 15446 15449 15460 15469 15471 15475 15486 15487 15510 15515 15521 15527 15533 15537 15541 15572 15581 15589 15629 
	}
	manpower=0
	buildings_max_level_factor=1.000
	local_supplies=0.000
}
