
state={
	id=74
	name="STATE_74"
	provinces={
		378 455 657 663 757 1008 1027 1147 1191 1316 1475 1478 1512 1515 1612 1722 1952 2328 2365 2505 2729 2921 3398 3549 3791 4306 4809 4846 5241 5463 5467 5487 5626 5767 6144 6686 6820 6877 6926 7009 7057 7519 7577 7770 8080 8445 8610 8625 8691 8722 8737 8749 9361 9381 9580 9596 9687 9773 9791 10024 10337 10535 11001 11215 11459 11511 11565 11580 11658 12206 12224 12325 16554 16568 16576 16618 16628 16636 16653 16675 16714 16722 16740 16752 16757 16763 16765 16776 16778 16811 16827 16832 16855 16882 16890 16894 16908 16958 
	}
	manpower=0
	buildings_max_level_factor=1.000
	local_supplies=0.000
}
