
state={
	id=77
	name="STATE_77"
	provinces={
		206 207 676 693 743 1016 1301 1325 1346 1556 1736 2001 2245 2578 2586 2723 2728 3191 3218 3550 3589 3802 3841 4219 4338 4360 4601 4789 4867 5018 5095 5441 5537 5673 6096 6306 6319 6323 6502 6714 6728 6954 7221 7227 7245 7365 7395 7482 7624 7674 7950 8188 8270 8496 8759 8798 8903 9095 9271 9452 9697 9722 10083 10286 10363 11032 11152 11725 11747 11767 11856 12085 14857 14881 14887 14897 14924 14953 14960 14977 14978 14999 15000 15008 15049 15056 15084 15085 15092 15114 15115 15133 15143 15210 15214 15240 15281 15294 15317 
	}
	manpower=0
	buildings_max_level_factor=1.000
	local_supplies=0.000
}
