
state={
	id=81
	name="STATE_81"
	provinces={
		23 179 236 296 306 319 452 490 673 705 725 727 728 771 811 828 836 933 1020 1185 1188 1196 1228 1424 1454 1460 1598 1628 1657 1660 1780 1781 2061 2089 2172 2191 2209 2227 2432 2545 2581 2680 2719 2765 3049 3086 3149 3364 3383 3429 3466 3488 3540 3586 3596 3609 3669 3727 3858 3921 3988 4052 4067 4075 4392 4454 4607 4625 4658 4920 4971 4983 5010 5072 5087 5129 5275 5300 5464 5593 5660 5701 5708 5713 5733 5845 5869 5930 6064 6110 6200 6202 6215 6282 6295 6399 6428 6549 6762 6781 6816 6908 6979 7092 7100 7160 7189 7194 7226 7258 7440 7475 7615 7700 7762 7817 7944 8101 8102 8196 8251 8351 8434 8497 8504 8567 8683 8707 8725 8838 8852 8893 8904 8996 9027 9087 9126 9137 9189 9289 9339 9486 9538 9599 9647 9661 9674 9741 9786 9842 9968 10014 10041 10138 10245 10443 10526 10578 10658 10704 10763 10851 10858 10939 10962 11284 11395 11436 11444 11457 11499 11506 11532 11544 11546 11602 11692 11695 11964 12089 12131 12167 12219 12342 12405 12417 14444 14467 14476 14493 14517 14530 14547 14553 14570 14583 14595 14606 14607 14611 14612 14617 14633 14634 14635 14636 14639 14666 14671 14683 14685 14690 14691 14699 14705 14710 14711 14719 14722 14728 14732 14733 14736 14738 14739 14754 14755 14758 14761 14764 14765 14766 14767 14768 14780 14783 14784 14785 14790 14793 14794 14795 14797 14803 14804 14812 14828 14832 14836 14837 14844 14855 14861 14867 14879 14888 14898 14914 14925 14993 14995 
	}
	manpower=0
	buildings_max_level_factor=1.000
	local_supplies=0.000
}
