
state={
	id=82
	name="STATE_82"
	provinces={
		525 818 1139 1331 1566 1961 2140 2618 3111 3200 3414 3443 3469 3684 3883 4169 5111 5189 5412 5443 5776 5837 5877 5924 6095 6308 6361 6415 6454 6574 7334 7593 7692 7739 7760 9654 9690 9776 9807 9923 9926 10010 11228 11775 11865 11892 12028 12112 12308 14452 14480 14489 14510 14534 14544 14566 14569 14600 14601 14623 14626 14632 14649 14650 14662 14674 14776 14827 14841 14878 14896 14907 14934 
	}
	manpower=0
	buildings_max_level_factor=1.000
	local_supplies=0.000
}
