
state={
	id=83
	name="STATE_83"
	provinces={
		267 361 453 533 585 597 689 809 835 1004 1006 1038 1047 1276 1326 1370 1543 1624 1694 1719 1784 2033 2281 2376 2500 2543 2566 2642 2652 2676 2811 2857 3069 3765 3790 3828 4045 4100 4213 4243 4422 4485 4662 4679 4726 4782 4866 4900 5021 5076 5307 5404 5406 5422 5478 5497 5505 5567 6002 6028 6411 6441 6654 6661 6701 6923 7104 7121 7146 7148 7235 7397 7614 7821 7851 7883 7934 7986 8014 8110 8294 8447 8468 8510 8689 8817 8899 8945 9078 9148 9150 9183 9220 9406 9532 9540 9658 9664 9719 9771 9828 9921 9966 10040 10420 10430 10447 10473 10614 10689 10784 10895 11134 11319 11465 11528 11552 11679 12096 12274 12391 12399 13525 13539 13588 13644 13712 13716 13722 13738 13746 13829 13855 13869 13906 13958 13972 14004 14015 14018 14024 14034 14063 14070 14096 14106 14123 14131 14149 14151 14175 14186 14223 14230 14235 14241 14254 14286 14303 14312 14320 14366 14414 14432 14435 
	}
	manpower=0
	buildings_max_level_factor=1.000
	local_supplies=0.000
}
