
state={
	id=84
	name="STATE_84"
	provinces={
		6 28 32 50 57 128 180 182 213 240 243 265 268 308 309 326 347 375 392 405 410 431 438 466 476 496 559 588 598 640 651 656 674 692 708 739 744 774 779 813 824 837 841 880 886 901 906 908 1000 1015 1017 1043 1045 1111 1120 1125 1138 1166 1177 1195 1204 1238 1300 1308 1313 1422 1453 1496 1525 1552 1596 1617 1650 1652 1678 1683 1685 1699 1700 1724 1774 1792 1800 1804 1807 1869 1891 1894 1922 1931 2002 2003 2021 2035 2038 2085 2108 2133 2135 2153 2197 2207 2215 2228 2243 2249 2265 2274 2288 2308 2314 2331 2374 2386 2394 2418 2421 2444 2459 2475 2494 2521 2524 2580 2587 2608 2627 2681 2688 2711 2713 2716 2724 2736 2778 2783 2787 2789 2815 2823 2834 2854 2861 2862 2887 2888 2900 2904 2911 2932 2936 2940 2964 2978 2992 3013 3035 3052 3055 3071 3084 3105 3135 3187 3198 3204 3239 3246 3261 3285 3309 3332 3363 3380 3406 3415 3426 3434 3444 3455 3460 3505 3541 3546 3554 3565 3569 3575 3581 3594 3621 3623 3634 3660 3682 3705 3799 3809 3847 3871 3884 3911 3920 3953 3971 3978 3996 4031 4034 4042 4068 4107 4128 4131 4134 4135 4138 4146 4159 4211 4238 4252 4274 4295 4304 4323 4352 4395 4441 4458 4459 4469 4489 4507 4558 4634 4642 4659 4739 4743 4749 4791 4794 4828 4842 4878 4895 4903 4956 4964 4994 5064 5069 5075 5107 5138 5161 5168 5187 5210 5215 5226 5263 5272 5288 5290 5321 5327 5336 5374 5423 5451 5452 5511 5524 5555 5557 5575 5651 5662 5670 5678 5681 5700 5714 5729 5785 5809 5819 5820 5821 5831 5882 5905 5934 5944 5952 5968 5970 5987 6007 6010 6018 6040 6052 6059 6087 6135 6184 6189 6216 6230 6255 6261 6270 6277 6330 6455 6488 6521 6529 6572 6575 6583 6585 6605 6613 6663 6668 6674 6690 6705 6712 6716 6734 6744 6750 6787 6796 6804 6818 6823 6841 6858 6876 6885 6944 6973 6974 6984 7022 7041 7049 7054 7078 7081 7083 7117 7145 7166 7198 7206 7212 7215 7230 7240 7274 7330 7342 7355 7357 7368 7430 7437 7472 7495 7497 7504 7553 7565 7599 7600 7609 7639 7649 7677 7679 7683 7684 7694 7713 7725 7734 7782 7809 7862 7878 7894 7901 7963 7968 8001 8058 8067 8069 8114 8133 8186 8228 8244 8276 8281 8295 8302 8319 8346 8359 8361 8379 8408 8423 8460 8471 8495 8550 8558 8569 8571 8579 8638 8679 8740 8763 8764 8776 8819 8848 8880 8888 8892 8913 8958 8969 8981 8986 8988 8998 9023 9024 9050 9055 9056 9062 9076 9092 9119 9122 9146 9158 9190 9197 9221 9237 9260 9272 9359 9375 9392 9409 9416 9420 9459 9465 9489 9639 9642 9643 9653 9671 9685 9699 9703 9714 9735 9747 9750 9768 9779 9823 9850 9860 9869 9874 9884 9888 9905 9906 9928 9929 9935 9954 9969 9970 9972 9998 10021 10039 10047 10061 10100 10123 10132 10200 10251 10253 10316 10348 10421 10456 10495 10497 10549 10559 10567 10575 10593 10623 10644 10665 10682 10701 10707 10740 10741 10760 10786 10793 10797 10808 10814 10866 10873 10893 10899 10904 10907 10908 10924 10934 10970 11003 11010 11045 11104 11105 11106 11114 11119 11140 11151 11167 11173 11179 11190 11199 11216 11257 11291 11307 11324 11325 11352 11367 11371 11373 11398 11475 11536 11537 11549 11577 11598 11606 11609 11615 11637 11642 11647 11683 11754 11756 11758 11778 11788 11807 11858 11862 11881 11894 11901 11927 11935 11945 11981 12004 12010 12012 12044 12061 12067 12088 12100 12110 12130 12145 12162 12183 12187 12226 12240 12247 12253 12257 12307 12318 12336 12352 12373 12380 12389 12398 12436 12437 12438 12439 12440 12441 12442 12443 12444 12445 12446 12447 12448 12449 12450 12451 12466 12471 12483 12484 12485 12486 12490 12495 12496 12497 12505 12507 12510 12513 12520 12523 12526 12530 12531 12532 12535 12537 12540 12542 12543 12544 12549 12551 12552 12553 12554 12559 12560 12568 12569 12570 12571 12574 12579 12580 12582 12583 12584 12587 12591 12592 12598 12599 12600 12601 12607 12611 12617 12620 12621 12622 12626 12628 12632 12640 12641 12645 12646 12649 12652 12653 12656 12662 12667 12670 12675 12679 12680 12693 12694 12700 12705 12709 12710 12711 12719 12720 12722 12730 12731 12733 12734 12743 12744 12745 12748 12751 12757 12761 12763 12764 12774 12776 12780 12786 12787 12795 12806 12810 12815 12818 12832 12833 12835 12839 12843 12844 12854 12855 12856 12870 12871 12877 12883 12887 12891 12895 12898 12907 12908 12909 12911 12914 12919 12922 12923 12927 12928 12933 12937 12939 12940 12941 12954 12957 12958 12962 12964 12965 12971 12974 12981 12983 12984 12990 12993 12994 12995 13004 13005 13006 13008 13013 13014 13015 13018 13026 13032 13035 13036 13039 13040 13049 13063 13064 13070 13073 13083 13086 13120 13122 13130 13131 13132 13133 13138 13141 13144 13147 13149 13154 13164 13165 13166 13167 13168 13171 13172 13175 13180 13182 13183 13194 13198 13202 13203 13218 13236 13237 13239 13248 13250 13261 13262 13272 13273 13282 13283 13287 13288 13292 13293 13298 13301 13306 13315 13323 13325 13330 13331 13334 13335 13345 13362 13370 13385 13386 13392 13399 13400 13411 13427 13439 
	}
	manpower=0
	impassable = yes
	buildings_max_level_factor=1.000
	local_supplies=0.000
}
