
state={
	id=85
	name="STATE_85"
	provinces={
		173 333 368 425 445 538 556 586 591 826 859 879 881 883 892 895 974 1110 1163 1214 1223 1297 1347 1408 1486 1510 1530 1557 1603 1620 1621 1637 1655 1749 1762 1902 1935 1991 2009 2062 2147 2186 2253 2420 2495 2646 2692 2710 2776 2819 2965 3000 3041 3058 3231 3559 3587 3593 3612 3656 3678 3862 3872 3951 3998 4041 4190 4414 4499 4505 4581 4590 4652 4762 4777 4858 4939 4993 5004 5007 5134 5137 5184 5188 5274 5304 5358 5425 5472 5494 5542 5698 5961 5964 6033 6057 6152 6227 6283 6291 6307 6343 6362 6392 6395 6401 6446 6539 6555 6648 6701 6905 6910 6994 7026 7032 7105 7125 7195 7216 7378 7380 7392 7483 7488 7612 7660 7707 7852 7953 7959 7999 8018 8089 8124 8170 8209 8215 8274 8301 8378 8489 8592 8614 8617 8637 8680 8687 8702 8747 8793 8797 8823 8911 8957 9065 9162 9292 9303 9357 9396 9515 9591 9778 9793 9800 9833 9835 9880 9987 10031 10098 10291 10349 10395 10396 10412 10557 10595 10733 10779 10788 10852 10878 10903 10996 11002 11015 11027 11153 11164 11262 11377 11384 11427 11454 11507 11608 11627 11650 11884 11893 11921 11957 11992 12147 12176 12205 12215 12238 12309 12335 12348 14194 14197 14204 14212 14249 14250 14252 14255 14259 14260 14270 14280 14282 14287 14321 14357 14386 14389 14417 14421 14427 14448 14458 14459 14465 14472 14494 14504 14511 14557 14558 14578 14584 14596 14597 14604 14641 14646 14653 14664 14700 14712 14723 14740 14750 14769 14777 14813 14818 14821 14838 14849 14858 14863 14870 14890 14894 14899 14908 14911 14920 14926 14935 14936 14944 14945 14954 14955 14968 14972 14973 14974 14996 15001 15005 15009 15018 15024 15027 15051 15054 15059 15060 15061 15082 15088 15089 15107 15111 
	}
	manpower=0
	buildings_max_level_factor=1.000
	local_supplies=0.000
}
