
state={
	id=86
	name="STATE_86"
	provinces={
		49 67 350 639 654 851 920 928 1083 1088 1167 1260 1267 1497 1695 1782 1850 2080 2081 2137 2313 2477 2480 2714 2722 2912 2942 3396 3402 3472 3568 3750 3793 3938 3952 4268 4322 4434 4792 4800 4829 4890 5114 5167 5227 5343 5597 5768 6051 6169 6363 6376 6536 6561 6684 6748 6772 6806 6907 7228 7279 7359 7491 7493 7607 7869 7892 7910 7947 8027 8227 8337 8343 8541 8561 8588 8648 8767 8807 8857 8963 8974 8989 9040 9046 9125 9395 9410 9469 9536 9546 9568 9573 9583 9638 9691 9818 9859 9924 9964 9977 10001 10072 10224 10673 10881 11102 11137 11346 11396 11411 11628 11673 11782 11851 11885 11910 11926 12138 12267 15549 15565 15569 15575 15592 15595 15604 15611 15616 15630 15656 15657 15678 15679 15683 15685 15694 15695 15714 15722 15724 15732 15737 15738 15739 15745 15763 15764 15780 15787 15788 15795 15814 15817 15826 15835 15844 15854 15862 15878 15894 15914 
	}
	manpower=0
	buildings_max_level_factor=1.000
	local_supplies=0.000
}
