
state={
	id=87
	name="STATE_87"
	provinces={
		35 66 77 94 103 119 131 221 299 357 500 502 522 539 571 578 636 682 732 747 791 842 847 935 946 963 980 998 1039 1070 1148 1160 1173 1181 1218 1246 1279 1290 1296 1391 1428 1435 1438 1468 1482 1519 1536 1595 1631 1641 1711 1713 1866 1867 1883 1898 1913 1926 1957 1959 1990 2040 2127 2211 2247 2355 2362 2378 2409 2424 2451 2456 2468 2471 2515 2555 2575 2577 2582 2856 2881 2892 2893 2952 3045 3050 3090 3127 3157 3158 3220 3223 3290 3315 3373 3378 3379 3388 3407 3408 3412 3432 3442 3480 3502 3514 3521 3545 3604 3610 3679 3710 3728 3744 3806 3818 3831 3874 3876 3894 3915 3923 3924 3934 3964 4006 4010 4015 4061 4069 4236 4271 4315 4349 4366 4407 4460 4521 4655 4657 4668 4678 4710 4712 4722 4763 4771 4816 4860 4875 4909 4929 4951 4965 4986 4995 4999 5059 5104 5117 5119 5121 5164 5245 5380 5402 5446 5466 5486 5503 5521 5530 5540 5569 5627 5629 5684 5758 5773 5777 5789 5798 5822 5840 5887 5896 5953 5966 5979 6020 6067 6074 6161 6199 6242 6245 6250 6260 6271 6304 6348 6435 6444 6457 6461 6472 6484 6501 6506 6512 6533 6592 6655 6680 6709 6713 6719 6740 6834 6840 6855 6888 6985 7017 7037 7044 7060 7114 7130 7136 7150 7152 7170 7181 7222 7237 7249 7266 7326 7353 7399 7506 7512 7534 7631 7669 7705 7735 7763 7776 7800 7818 7833 7844 7848 7867 7926 7994 8012 8023 8030 8031 8044 8083 8084 8088 8100 8118 8126 8138 8162 8183 8212 8214 8233 8267 8269 8308 8348 8394 8396 8446 8536 8556 8587 8597 8715 8742 8744 8806 8866 8869 8885 8965 8970 9047 9066 9098 9134 9138 9163 9178 9186 9194 9232 9305 9329 9372 9382 9422 9431 9437 9462 9484 9492 9520 9544 9548 9557 9558 9590 9652 9701 9733 9751 9878 9890 9914 9922 9981 9989 10028 10062 10088 10092 10095 10145 10196 10198 10223 10227 10269 10273 10289 10510 10588 10631 10720 10726 10745 10821 10842 10847 10864 10909 10982 11030 11048 11051 11146 11174 11195 11208 11234 11252 11315 11316 11332 11382 11439 11487 11582 11618 11620 11729 11730 11743 11746 11757 11773 11818 11852 11867 11874 11899 11904 11908 11941 12008 12105 12126 12192 12235 12292 12356 12359 12408 15267 15269 15275 15279 15307 15318 15319 15323 15335 15339 15346 15350 15363 15366 15372 15377 15384 15394 15400 15404 15405 15428 15437 15458 15461 15466 15476 15477 15492 15497 15501 15504 15505 15516 15525 15528 15529 15530 15538 15542 15548 15550 15551 15564 15573 15584 15590 15591 15599 15614 15615 15633 15655 15659 15664 15669 15672 15682 15708 15713 15716 15720 15721 15744 15754 15755 15756 15757 15758 15759 15775 15794 15802 15805 15810 15823 15824 15829 15832 15842 15843 15853 15861 15877 15881 15888 15902 15910 15911 15913 15915 15922 15928 15935 15936 15946 15947 15949 15958 15960 15966 15967 15973 15974 15975 15983 15986 15990 16005 16015 16020 16030 16036 16042 16059 16061 16068 16071 16075 16082 16086 16090 16091 16104 16108 16123 16125 16130 16133 16141 16146 16153 16157 16160 16163 16164 16168 16183 16186 16204 16206 16209 16213 16214 16216 16229 16240 16247 16253 16258 16262 16263 16267 16283 16293 
	}
	manpower=0
	buildings_max_level_factor=1.000
	local_supplies=0.000
}
