
state={
	id=89
	name="STATE_89"
	provinces={
		17 53 114 132 134 140 155 205 234 279 329 435 439 481 489 540 593 650 662 669 672 703 740 785 807 819 910 921 977 982 1049 1076 1078 1092 1101 1184 1200 1245 1262 1332 1353 1387 1581 1605 1687 1738 1748 1753 1875 1919 1920 1973 2007 2132 2149 2171 2174 2192 2216 2340 2366 2437 2462 2473 2536 2548 2603 2615 2631 2664 2701 2706 2745 2746 2757 2758 2867 2873 3065 3079 3080 3096 3132 3137 3153 3160 3174 3265 3350 3357 3381 3382 3431 3508 3717 3743 3748 3786 3887 3931 3957 3979 4039 4177 4204 4205 4227 4350 4357 4383 4420 4567 4613 4616 4621 4699 4721 4808 4818 4872 4916 5067 5113 5183 5217 5322 5353 5366 5417 5429 5484 5501 5509 5543 5550 5559 5561 5578 5581 5641 5646 5683 5745 5770 5812 5928 5990 6001 6027 6055 6121 6128 6160 6170 6187 6191 6253 6258 6274 6328 6338 6381 6384 6414 6459 6510 6515 6516 6540 6559 6658 6743 6880 6881 6884 6922 6975 7005 7027 7071 7107 7176 7201 7218 7293 7417 7441 7445 7448 7450 7613 7645 7714 7863 7873 7914 8029 8059 8095 8158 8160 8222 8262 8333 8335 8426 8433 8474 8562 8583 8598 8611 8666 8704 8717 8862 8915 9030 9082 9089 9139 9165 9229 9249 9263 9264 9273 9341 9350 9408 9417 9424 9427 9485 9539 9554 9560 9595 9628 9657 9679 9682 9688 9711 9740 9762 9804 9832 9843 9855 9903 9956 10141 10208 10221 10277 10298 10332 10361 10389 10518 10520 10651 10719 10916 10936 10942 10960 10971 11004 11029 11080 11086 11093 11135 11232 11245 11263 11300 11318 11330 11339 11374 11387 11403 11434 11440 11477 11568 11591 11610 11612 11646 11707 11760 11764 11800 11825 11871 11882 11949 11952 11976 12045 12058 12122 12146 12148 12200 12242 12255 12339 12383 12412 14521 14548 14589 14608 14630 14654 14657 14706 14713 14724 14729 14747 14798 14822 14829 14833 14846 14859 14869 14871 14872 14874 14876 14891 14909 14916 14917 14927 14931 14932 14940 14957 14962 14979 14980 14989 15011 15012 15015 15019 15030 15053 15063 15073 15081 15090 15096 15113 15127 15135 15148 15159 15160 15165 15169 15178 15184 15187 15199 15204 15209 15218 15221 15224 15231 15239 15258 15260 15270 15282 15284 15289 15308 15311 15328 15331 15336 15347 15348 15351 15364 15373 15374 15378 15379 15382 15393 15401 15402 15407 15408 15419 15423 15425 15429 15432 15436 15450 15451 15455 15459 15463 15472 15480 15483 15484 15485 15493 15512 15513 15517 15518 15558 15574 
	}
	manpower=0
	buildings_max_level_factor=1.000
	local_supplies=0.000
}
