
state={
	id=90
	name="STATE_90"
	provinces={
		45 65 244 253 355 374 414 459 482 623 678 723 865 888 925 978 1028 1073 1113 1140 1142 1302 1329 1343 1517 1550 1615 1710 1775 1830 2096 2121 2195 2255 2258 2402 2526 2613 2635 2891 3279 3323 3511 3520 3544 3561 3591 3672 3780 3849 4026 4102 4126 4137 4245 4250 4510 4528 4636 4640 4731 4734 4747 4947 5077 5316 5319 5355 5388 5403 5526 5551 5554 5644 5783 6044 6098 6219 6303 6375 6645 6727 6897 7168 7247 7278 7299 7315 7470 7636 7711 7811 7842 7913 7962 8119 8200 8224 8307 8347 8374 8380 8591 8658 8700 8727 8840 8916 8917 8924 8943 8990 9219 9230 9258 9314 9368 9412 9563 9813 9894 9950 10070 10151 10185 10314 10406 10432 10461 10562 10571 10594 10639 10696 10723 10734 10785 10900 10905 10930 10946 11053 11054 11064 11096 11241 11317 11479 11562 11570 11581 11732 11806 11823 12046 12106 12149 12179 12181 12337 13947 13966 13999 14001 14014 14028 14047 14054 14057 14088 14121 14122 14124 14136 14142 14160 14161 14167 14190 14199 14213 14216 14217 14218 14231 14233 14239 14262 14268 14271 14291 14292 14306 14307 14310 14322 14328 14329 14336 14337 14342 14354 14358 14370 14373 14383 14387 14388 14391 14410 14418 14423 14449 14460 14461 14464 14481 14486 14487 14497 14498 14505 14512 14513 14514 14528 14531 14536 14540 14552 14554 14559 14562 14563 14567 14573 14582 
	}
	manpower=0
	buildings_max_level_factor=1.000
	local_supplies=0.000
}
