
state={
	id=91
	name="STATE_91"
	provinces={
		7 62 220 245 408 567 620 790 829 872 884 1074 1168 1288 1437 1447 1545 1584 1594 1690 2032 2037 2109 2142 2189 2252 2309 2373 2558 2610 2625 2741 2864 2950 2971 3016 3268 3270 3272 3336 3358 3374 3539 3763 4097 4124 4178 4240 4262 4280 4316 4384 4393 4461 4484 4506 4549 4707 4741 4765 4825 4942 5006 5083 5109 5156 5232 5237 5242 5271 5333 5346 5356 5587 5600 5735 5772 5778 5816 5864 5927 5938 6012 6173 6309 6391 6427 6434 6475 6482 6496 6563 6644 6746 6778 6839 6896 6925 6960 7133 7156 7209 7270 7285 7345 7390 7412 7537 7539 7568 7675 7703 7906 8332 8352 8402 8544 8564 8650 8711 8788 8808 8898 8975 9129 9291 9306 9310 9337 9338 9435 9522 9765 9961 10154 10160 10163 10225 10359 10373 10385 10695 10818 10885 10911 10919 11066 11159 11196 11233 11328 11438 11493 11560 11630 11653 11687 11774 11831 11869 11872 11924 12073 12239 12256 12264 12324 15855 15858 15882 15901 15917 15919 15923 15932 15937 15941 15950 15951 15955 15968 15970 15977 15991 15992 16001 16002 16008 16009 16012 16018 16025 16045 16048 16066 16072 16079 16080 16083 16092 16095 16097 16099 16105 16109 16120 16121 16131 16134 16142 16147 16148 16150 16158 16171 16174 16178 16187 16196 16199 16202 16205 16218 16225 16233 16234 16248 16254 16259 16260 16270 16289 16311 16329 16338 16343 16380 
	}
	manpower=0
	buildings_max_level_factor=1.000
	local_supplies=0.000
}
