
state={
	id=92
	name="STATE_92"
	provinces={
		39 123 307 479 625 715 760 839 869 1099 1376 1425 1516 1662 1788 1948 2082 2204 2218 2497 2568 2593 2795 2822 3047 3091 3102 3109 3154 3275 3447 3458 3552 3840 3895 4012 4174 4186 4425 4536 4579 4844 4886 4976 5110 5151 5196 5265 5284 5529 5603 5843 5850 5908 5973 6097 6421 6445 6643 6689 6793 6797 6946 7019 7123 7162 7191 7193 7219 7241 7443 7473 7480 7642 7774 7779 7983 8127 8151 8300 8494 8524 8537 8640 8843 8854 8951 9026 9036 9090 9288 9534 9790 9816 9951 10178 10250 10299 10742 10769 10856 11121 11535 11604 11715 11741 11848 12114 12188 12246 12299 16361 16368 16369 16376 16377 16388 16394 16398 16403 16421 16426 16434 16447 16448 16451 16455 16456 16460 16478 16479 16498 16505 16509 16515 16528 16534 16552 16558 16564 16569 16589 16597 16610 16622 16629 16640 16644 16658 16661 16665 16671 16679 16688 16702 16703 
	}
	manpower=0
	buildings_max_level_factor=1.000
	local_supplies=0.000
}
