
state={
	id=93
	name="STATE_93"
	provinces={
		95 110 185 371 394 645 752 830 855 868 976 1123 1231 1309 1335 1406 1514 1541 1703 1766 1809 1864 1993 2048 2111 2115 2158 2232 2276 2297 2384 2408 2429 2537 2539 2679 2720 2907 2961 3026 3172 3173 3248 3294 3394 3404 3560 3617 3731 3751 3798 3859 3882 3907 3925 3968 3969 4025 4216 4307 4385 4442 4483 4557 4562 4582 4586 4661 4672 4674 4680 4702 4732 4759 4979 5028 5039 5158 5297 5339 5522 5553 5615 5647 5675 5720 5747 5873 6003 6013 6159 6186 6198 6222 6268 6305 6344 6350 6407 6495 6520 6527 6715 6736 6769 6831 6851 6962 7076 7138 7157 7199 7307 7354 7526 7606 7652 7653 7704 7715 7761 7766 7805 7808 7847 7874 7932 8092 8099 8142 8165 8185 8280 8350 8401 8482 8530 8619 8620 8672 8745 8802 8870 8993 9130 9199 9304 9351 9373 9400 9454 9495 9581 9632 9668 9757 9881 9940 10011 10016 10030 10086 10096 10127 10135 10143 10184 10305 10327 10441 10446 10628 10802 10863 10956 11139 11235 11240 11250 11305 11322 11362 11482 11655 11684 11761 11781 11799 11930 12017 12037 12064 12229 12245 15316 15320 15326 15329 15352 15353 15367 15368 15375 15383 15385 15391 15411 15415 15438 15439 15440 15443 15447 15454 15456 15467 15468 15473 15474 15478 15495 15498 15499 15514 15519 15523 15526 15546 15552 15554 15561 15566 15576 15585 15588 15596 15605 15617 15619 15634 15637 15644 15660 15661 15665 15666 15670 15680 15688 15691 15696 15709 15710 15717 15725 15728 15729 15740 15746 15747 15750 15767 15769 15770 15776 15777 15781 15783 15784 15789 15792 15796 15797 15799 15811 15812 15813 15818 15830 15836 
	}
	manpower=0
	buildings_max_level_factor=1.000
	local_supplies=0.000
}
