
state={
	id=94
	name="STATE_94"
	provinces={
		38 177 194 208 228 258 282 286 313 315 341 373 407 457 460 519 582 601 679 767 816 852 890 936 969 986 993 1032 1062 1109 1215 1259 1289 1386 1464 1467 1474 1524 1561 1576 1590 1659 1675 1681 1727 1798 1817 1854 1868 1881 1892 2013 2107 2164 2223 2268 2343 2349 2379 2390 2392 2541 2632 2828 2870 2906 2939 2989 3106 3115 3130 3148 3186 3195 3201 3214 3327 3352 3481 3577 3654 3691 3736 3766 3837 3903 4092 4185 4196 4242 4546 4563 4571 4588 4615 4677 4767 4806 4811 4815 4880 4882 4888 4930 5000 5022 5130 5136 5152 5172 5180 5330 5379 5382 5437 5453 5506 5545 5584 5663 5680 5709 5725 5736 5860 5868 5891 5991 5993 6026 6080 6111 6225 6233 6247 6263 6288 6324 6409 6456 6513 6550 6558 6627 6636 6666 6683 6760 6791 6871 7055 7089 7321 7513 7623 7630 7646 7664 7687 7747 7787 7840 7940 7980 8020 8148 8155 8255 8312 8345 8409 8410 8417 8438 8455 8491 8499 8509 8627 8651 8741 8790 8830 8833 8934 8987 9028 9029 9174 9176 9287 9307 9343 9344 9353 9355 9428 9444 9460 9530 9566 9615 9634 9640 9645 9646 9698 9713 9754 9756 9785 9844 9909 9911 9931 9991 10003 10008 10059 10099 10168 10190 10244 10371 10442 10481 10643 10666 10679 10683 10798 10817 10876 10901 10928 11034 11298 11368 11478 11592 11594 11629 11742 11783 11791 11809 11814 11863 11873 11879 11896 11933 11948 12009 12052 12118 12169 12172 12180 12228 12261 12320 12333 12334 12368 14565 14572 14598 14620 14631 14637 14648 14652 14669 14676 14680 14681 14688 14698 14702 14703 14716 14717 14742 14744 14745 14751 14771 14773 14796 14800 14814 14815 14830 14839 14847 14852 14853 14860 14862 14864 14865 14873 14880 14892 14900 14901 14904 14918 14928 14937 14938 14941 14946 14958 14959 14963 14981 14986 14990 14991 14997 15014 15016 15020 15021 15032 15039 15042 15046 15055 15057 15058 15068 15069 15097 15098 15103 15108 15109 15119 15120 15124 15130 15136 15140 15142 15156 15163 15164 15166 15170 15173 15181 15185 15186 15193 15208 15213 15216 15219 15222 15226 15232 15234 15237 15254 15261 15262 15271 15276 15286 15293 15296 15297 15313 
	}
	manpower=0
	buildings_max_level_factor=1.000
	local_supplies=0.000
}
