
state={
	id=95
	name="STATE_95"
	provinces={
		9 58 83 343 367 449 577 684 786 801 950 1031 1133 1255 1258 1281 1342 1351 1445 1469 1625 1651 1876 1938 1989 2016 2029 2144 2285 2401 2837 3009 3022 3028 3104 3229 3319 3321 3403 3528 3659 3696 3810 4060 4066 4119 4171 4222 4249 4298 4310 4396 4464 4550 4570 4614 4681 4717 4881 5169 5209 5212 5269 5298 5313 5477 5488 5737 5738 5748 5943 5947 6017 6100 6119 6196 6327 6368 6635 6673 6868 6872 6993 7370 7408 7477 7542 7647 7732 7754 7793 7834 7870 7922 7991 8166 8172 8305 8320 8339 8392 8586 8621 8623 8656 8716 8739 9097 9107 9476 9593 9680 9684 9692 9730 9797 9839 9858 9866 9877 9889 10216 10218 10246 10369 10498 10525 10550 10554 10561 10566 10601 10615 10625 10752 10755 10951 11083 11131 11142 11162 11266 11399 11407 11520 11551 11584 11723 11829 11900 11970 12003 12211 12218 12225 12277 12291 12305 12344 12345 12386 12387 15837 15847 15848 15850 15859 15863 15868 15879 15886 15890 15898 15903 15929 15942 15952 15953 15956 15969 15978 15984 15988 15993 16011 16021 16031 16032 16037 16049 16056 16064 16069 16073 16076 16081 16093 16100 16106 16117 16138 16143 16154 16161 16169 16181 16188 16190 16203 16217 16219 16230 16237 16249 16250 16252 16264 16271 16274 16282 16307 16315 16323 16326 16334 16342 16346 
	}
	manpower=0
	buildings_max_level_factor=1.000
	local_supplies=0.000
}
