
state={
	id=96
	name="STATE_96"
	provinces={
		156 233 372 381 608 634 646 754 792 832 861 877 894 900 956 960 1151 1201 1226 1298 1432 1488 1505 1539 1593 1679 1951 1976 2066 2154 2279 2383 2465 2474 2574 2592 2761 2768 2909 3082 3113 3370 3405 3421 3430 3474 3616 3723 3800 3929 3936 3949 4001 4024 4077 4088 4214 4221 4287 4457 4478 4533 4539 4559 4602 4656 4714 5012 5050 5108 5225 5295 5359 5377 5409 5414 5428 5434 5517 5631 5690 5706 5862 5884 5895 5982 6000 6053 6416 6479 6546 6594 6652 6699 6710 6889 6898 6916 6947 7000 7153 7438 7496 7571 7640 7737 7977 8168 8385 8630 8642 8661 8804 8874 8908 9010 9038 9169 9293 9387 9450 9521 9610 9620 9675 9849 9857 9958 10044 10296 10507 10508 10519 10605 10613 10674 10813 10857 10997 11037 11129 11169 11180 11218 11236 11393 11540 11670 11709 11735 11750 11841 12014 12031 12048 12070 12078 12385 13821 13835 13883 13886 13887 13908 13912 13917 13923 14060 14065 14066 14078 14086 14087 14098 14185 14215 14379 14437 14469 14535 14588 14613 14619 14625 14651 14694 14701 14720 14741 14763 14788 14868 14886 14915 14948 14956 14975 15013 15067 15080 15086 15117 15129 15145 15172 15188 15191 15203 15217 15225 15227 15241 15247 15248 15249 15259 15265 15266 15268 15274 15295 
	}
	manpower=0
	buildings_max_level_factor=1.000
	local_supplies=0.000
}
