
state={
	id=97
	name="STATE_97"
	provinces={
		11 27 30 97 98 167 196 324 415 418 421 510 512 515 541 700 707 716 788 948 983 1001 1084 1093 1344 1383 1527 1731 1978 1982 2030 2114 2139 2148 2295 2336 2507 2611 2645 2803 2845 2930 2941 2974 3133 3269 3283 3288 3298 3376 3695 3836 3941 4144 4180 4229 4285 4300 4320 4324 4326 4339 4377 4387 4389 4491 4526 4554 4578 4599 4626 4778 4870 4894 4896 4911 4957 4984 5034 5043 5054 5079 5089 5105 5159 5200 5314 5363 5393 5401 5413 5493 5496 5531 5794 5866 6009 6147 6297 6320 6334 6357 6534 6564 6650 6669 6687 6721 6756 6933 6977 7042 7073 7074 7140 7141 7268 7291 7305 7364 7385 7455 7618 7621 7635 7728 7780 7796 7924 8098 8103 8122 8161 8229 8284 8285 8566 8576 8602 8724 8856 8859 8897 9143 9179 9257 9316 9432 9458 9502 9755 9826 9892 9936 9938 10045 10130 10191 10205 10234 10285 10374 10379 10398 10453 10502 10574 10607 10728 10782 10801 10829 10887 10920 10992 10995 11022 11055 11176 11243 11369 11432 11524 11661 11736 11810 11857 11868 11887 12020 12056 12059 12092 12263 12280 12283 12290 12346 12363 14095 14134 14135 14140 14153 14154 14179 14184 14187 14198 14208 14224 14261 14267 14283 14288 14305 14314 14318 14327 14345 14347 14369 14396 14404 14436 14453 14477 14478 14485 14495 14496 14501 14520 14529 14545 14551 14579 14581 14585 14586 14618 14629 14647 14668 14687 14756 14770 14781 14786 14791 14819 14831 14845 14850 14882 14903 14930 14984 14985 15010 15028 15038 15045 15052 15072 15075 15093 15095 15112 15116 15123 15128 15134 15138 15139 15141 15144 15151 15155 15158 15162 15168 15171 15177 15180 15183 15192 15197 15202 15211 15212 15215 
	}
	manpower=0
	buildings_max_level_factor=1.000
	local_supplies=0.000
}
